python3 rooting.py -i data/avian_dataset/extracted_quintets/species_tree_mapped313192832.tre -o data/avian_dataset/extracted_quintets/avian-2X-1000-500-all/gene_trees_mapped313192832.tre
estimated gene tree distribution
[0. 0. 0. 0. 0. 0. 0. 0. 0. 0. 0. 0. 0. 0. 0.]
[1]
[2]
[3]
[4, 13]
[5, 12]
[6, 9]
[7, 8, 10, 11, 14, 15]
1 ((((1,2),3),4),5)
[1]
[3]
[2]
[4, 13]
[6, 9]
[5, 12]
[10, 11, 7, 8, 15, 14]
2 ((((1,2),3),5),4)
[2]
[1]
[3]
[7, 14]
[8, 11]
[9, 6]
[4, 5, 10, 12, 13, 15]
3 ((((1,2),4),3),5)
[2]
[3]
[1]
[7, 14]
[9, 6]
[8, 11]
[10, 12, 4, 5, 15, 13]
4 ((((1,2),4),5),3)
[3]
[1]
[2]
[10, 15]
[11, 8]
[12, 5]
[4, 6, 7, 9, 13, 14]
5 ((((1,2),5),3),4)
[3]
[2]
[1]
[10, 15]
[12, 5]
[11, 8]
[7, 9, 4, 6, 14, 13]
6 ((((1,2),5),4),3)
[4]
[5]
[6]
[1, 13]
[2, 12]
[3, 9]
[8, 7, 11, 10, 15, 14]
7 ((((1,3),2),4),5)
[4]
[6]
[5]
[1, 13]
[3, 9]
[2, 12]
[11, 10, 8, 7, 14, 15]
8 ((((1,3),2),5),4)
[5]
[4]
[6]
[8, 15]
[7, 10]
[9, 3]
[1, 2, 11, 12, 13, 14]
9 ((((1,3),4),2),5)
[5]
[6]
[4]
[8, 15]
[9, 3]
[7, 10]
[11, 12, 1, 2, 14, 13]
10 ((((1,3),4),5),2)
[6]
[4]
[5]
[11, 14]
[10, 7]
[12, 2]
[1, 3, 8, 9, 13, 15]
11 ((((1,3),5),2),4)
[6]
[5]
[4]
[11, 14]
[12, 2]
[10, 7]
[8, 9, 1, 3, 15, 13]
12 ((((1,3),5),4),2)
[7]
[8]
[9]
[2, 14]
[1, 11]
[3, 6]
[5, 4, 12, 10, 15, 13]
13 ((((1,4),2),3),5)
[7]
[9]
[8]
[2, 14]
[3, 6]
[1, 11]
[12, 10, 5, 4, 13, 15]
14 ((((1,4),2),5),3)
[8]
[7]
[9]
[5, 15]
[4, 10]
[6, 3]
[2, 1, 12, 11, 14, 13]
15 ((((1,4),3),2),5)
[8]
[9]
[7]
[5, 15]
[6, 3]
[4, 10]
[12, 11, 2, 1, 13, 14]
16 ((((1,4),3),5),2)
[9]
[7]
[8]
[12, 13]
[10, 4]
[11, 1]
[2, 3, 5, 6, 14, 15]
17 ((((1,4),5),2),3)
[9]
[8]
[7]
[12, 13]
[11, 1]
[10, 4]
[5, 6, 2, 3, 15, 14]
18 ((((1,4),5),3),2)
[10]
[11]
[12]
[3, 15]
[1, 8]
[2, 5]
[6, 4, 9, 7, 14, 13]
19 ((((1,5),2),3),4)
[10]
[12]
[11]
[3, 15]
[2, 5]
[1, 8]
[9, 7, 6, 4, 13, 14]
20 ((((1,5),2),4),3)
[11]
[10]
[12]
[6, 14]
[4, 7]
[5, 2]
[3, 1, 9, 8, 15, 13]
21 ((((1,5),3),2),4)
[11]
[12]
[10]
[6, 14]
[5, 2]
[4, 7]
[9, 8, 3, 1, 13, 15]
22 ((((1,5),3),4),2)
[12]
[10]
[11]
[9, 13]
[7, 4]
[8, 1]
[3, 2, 6, 5, 15, 14]
23 ((((1,5),4),2),3)
[12]
[11]
[10]
[9, 13]
[8, 1]
[7, 4]
[6, 5, 3, 2, 14, 15]
24 ((((1,5),4),3),2)
[13]
[12]
[9]
[1, 4]
[2, 5]
[3, 6]
[11, 14, 8, 15, 10, 7]
25 ((((2,3),1),4),5)
[13]
[9]
[12]
[1, 4]
[3, 6]
[2, 5]
[8, 15, 11, 14, 7, 10]
26 ((((2,3),1),5),4)
[12]
[13]
[9]
[11, 10]
[14, 15]
[6, 3]
[1, 2, 8, 5, 4, 7]
27 ((((2,3),4),1),5)
[12]
[9]
[13]
[11, 10]
[6, 3]
[14, 15]
[8, 5, 1, 2, 7, 4]
28 ((((2,3),4),5),1)
[9]
[13]
[12]
[8, 7]
[15, 14]
[5, 2]
[1, 3, 11, 6, 4, 10]
29 ((((2,3),5),1),4)
[9]
[12]
[13]
[8, 7]
[5, 2]
[15, 14]
[11, 6, 1, 3, 10, 4]
30 ((((2,3),5),4),1)
[14]
[11]
[6]
[2, 7]
[1, 8]
[3, 9]
[12, 13, 5, 15, 10, 4]
31 ((((2,4),1),3),5)
[14]
[6]
[11]
[2, 7]
[3, 9]
[1, 8]
[5, 15, 12, 13, 4, 10]
32 ((((2,4),1),5),3)
[11]
[14]
[6]
[12, 10]
[13, 15]
[9, 3]
[2, 1, 5, 8, 7, 4]
33 ((((2,4),3),1),5)
[11]
[6]
[14]
[12, 10]
[9, 3]
[13, 15]
[5, 8, 2, 1, 4, 7]
34 ((((2,4),3),5),1)
[6]
[14]
[11]
[5, 4]
[15, 13]
[8, 1]
[2, 3, 12, 9, 7, 10]
35 ((((2,4),5),1),3)
[6]
[11]
[14]
[5, 4]
[8, 1]
[15, 13]
[12, 9, 2, 3, 10, 7]
36 ((((2,4),5),3),1)
[15]
[8]
[5]
[3, 10]
[1, 11]
[2, 12]
[9, 13, 6, 14, 7, 4]
37 ((((2,5),1),3),4)
[15]
[5]
[8]
[3, 10]
[2, 12]
[1, 11]
[6, 14, 9, 13, 4, 7]
38 ((((2,5),1),4),3)
[8]
[15]
[5]
[9, 7]
[13, 14]
[12, 2]
[3, 1, 6, 11, 10, 4]
39 ((((2,5),3),1),4)
[8]
[5]
[15]
[9, 7]
[12, 2]
[13, 14]
[6, 11, 3, 1, 4, 10]
40 ((((2,5),3),4),1)
[5]
[15]
[8]
[6, 4]
[14, 13]
[11, 1]
[3, 2, 9, 12, 10, 7]
41 ((((2,5),4),1),3)
[5]
[8]
[15]
[6, 4]
[11, 1]
[14, 13]
[9, 12, 3, 2, 7, 10]
42 ((((2,5),4),3),1)
[15]
[10]
[3]
[5, 8]
[4, 7]
[6, 9]
[12, 13, 2, 14, 11, 1]
43 ((((3,4),1),2),5)
[15]
[3]
[10]
[5, 8]
[6, 9]
[4, 7]
[2, 14, 12, 13, 1, 11]
44 ((((3,4),1),5),2)
[10]
[15]
[3]
[12, 11]
[13, 14]
[9, 6]
[5, 4, 2, 7, 8, 1]
45 ((((3,4),2),1),5)
[10]
[3]
[15]
[12, 11]
[9, 6]
[13, 14]
[2, 7, 5, 4, 1, 8]
46 ((((3,4),2),5),1)
[3]
[15]
[10]
[2, 1]
[14, 13]
[7, 4]
[5, 6, 12, 9, 8, 11]
47 ((((3,4),5),1),2)
[3]
[10]
[15]
[2, 1]
[7, 4]
[14, 13]
[12, 9, 5, 6, 11, 8]
48 ((((3,4),5),2),1)
[14]
[7]
[2]
[6, 11]
[4, 10]
[5, 12]
[9, 13, 3, 15, 8, 1]
49 ((((3,5),1),2),4)
[14]
[2]
[7]
[6, 11]
[5, 12]
[4, 10]
[3, 15, 9, 13, 1, 8]
50 ((((3,5),1),4),2)
[7]
[14]
[2]
[9, 8]
[13, 15]
[12, 5]
[6, 4, 3, 10, 11, 1]
51 ((((3,5),2),1),4)
[7]
[2]
[14]
[9, 8]
[12, 5]
[13, 15]
[3, 10, 6, 4, 1, 11]
52 ((((3,5),2),4),1)
[2]
[14]
[7]
[3, 1]
[15, 13]
[10, 4]
[6, 5, 9, 12, 11, 8]
53 ((((3,5),4),1),2)
[2]
[7]
[14]
[3, 1]
[10, 4]
[15, 13]
[9, 12, 6, 5, 8, 11]
54 ((((3,5),4),2),1)
[13]
[4]
[1]
[9, 12]
[7, 10]
[8, 11]
[6, 14, 3, 15, 5, 2]
55 ((((4,5),1),2),3)
[13]
[1]
[4]
[9, 12]
[8, 11]
[7, 10]
[3, 15, 6, 14, 2, 5]
56 ((((4,5),1),3),2)
[4]
[13]
[1]
[6, 5]
[14, 15]
[11, 8]
[9, 7, 3, 10, 12, 2]
57 ((((4,5),2),1),3)
[4]
[1]
[13]
[6, 5]
[11, 8]
[14, 15]
[3, 10, 9, 7, 2, 12]
58 ((((4,5),2),3),1)
[1]
[13]
[4]
[3, 2]
[15, 14]
[10, 7]
[9, 8, 6, 11, 12, 5]
59 ((((4,5),3),1),2)
[1]
[4]
[13]
[3, 2]
[10, 7]
[15, 14]
[6, 11, 9, 8, 5, 12]
60 ((((4,5),3),2),1)
[3]
[1, 2]
[10, 15]
[6, 9]
[11, 12, 4, 5, 7, 8, 13, 14]
61 (((1,2),(3,4)),5)
[6]
[4, 5]
[11, 14]
[3, 9]
[10, 12, 1, 2, 8, 7, 13, 15]
62 (((1,3),(2,4)),5)
[9]
[7, 8]
[12, 13]
[3, 6]
[10, 11, 2, 1, 5, 4, 14, 15]
63 (((1,4),(2,3)),5)
[2]
[1, 3]
[7, 14]
[5, 12]
[8, 9, 4, 6, 10, 11, 13, 15]
64 (((1,2),(3,5)),4)
[5]
[4, 6]
[8, 15]
[2, 12]
[7, 9, 1, 3, 11, 10, 13, 14]
65 (((1,3),(2,5)),4)
[12]
[10, 11]
[9, 13]
[2, 5]
[7, 8, 3, 1, 6, 4, 15, 14]
66 (((1,5),(2,3)),4)
[1]
[2, 3]
[4, 13]
[8, 11]
[5, 6, 7, 9, 10, 12, 14, 15]
67 (((1,2),(4,5)),3)
[8]
[7, 9]
[5, 15]
[1, 11]
[4, 6, 2, 3, 12, 10, 14, 13]
68 (((1,4),(2,5)),3)
[11]
[10, 12]
[6, 14]
[1, 8]
[4, 5, 3, 2, 9, 7, 15, 13]
69 (((1,5),(2,4)),3)
[4]
[5, 6]
[1, 13]
[7, 10]
[2, 3, 8, 9, 11, 12, 15, 14]
70 (((1,3),(4,5)),2)
[7]
[8, 9]
[2, 14]
[4, 10]
[1, 3, 5, 6, 12, 11, 15, 13]
71 (((1,4),(3,5)),2)
[10]
[11, 12]
[3, 15]
[4, 7]
[1, 2, 6, 5, 9, 8, 14, 13]
72 (((1,5),(3,4)),2)
[13]
[12, 9]
[1, 4]
[14, 15]
[2, 3, 11, 6, 8, 5, 10, 7]
73 (((2,3),(4,5)),1)
[14]
[11, 6]
[2, 7]
[13, 15]
[1, 3, 12, 9, 5, 8, 10, 4]
74 (((2,4),(3,5)),1)
[15]
[8, 5]
[3, 10]
[13, 14]
[1, 2, 9, 12, 6, 11, 7, 4]
75 (((2,5),(3,4)),1)
[1]
[2, 3]
[4, 13]
[5, 6, 9, 12]
[7, 8, 10, 11, 14, 15]
76 (((1,2),3),(4,5))
[4]
[5, 6]
[1, 13]
[2, 3, 9, 12]
[8, 7, 11, 10, 15, 14]
77 (((1,3),2),(4,5))
[13]
[12, 9]
[1, 4]
[2, 3, 6, 5]
[11, 14, 8, 15, 10, 7]
78 (((2,3),1),(4,5))
[2]
[1, 3]
[7, 14]
[8, 9, 6, 11]
[4, 5, 10, 12, 13, 15]
79 (((1,2),4),(3,5))
[7]
[8, 9]
[2, 14]
[1, 3, 6, 11]
[5, 4, 12, 10, 15, 13]
80 (((1,4),2),(3,5))
[14]
[11, 6]
[2, 7]
[1, 3, 9, 8]
[12, 13, 5, 15, 10, 4]
81 (((2,4),1),(3,5))
[5]
[4, 6]
[8, 15]
[7, 9, 3, 10]
[1, 2, 11, 12, 13, 14]
82 (((1,3),4),(2,5))
[8]
[7, 9]
[5, 15]
[4, 6, 3, 10]
[2, 1, 12, 11, 14, 13]
83 (((1,4),3),(2,5))
[15]
[10, 3]
[5, 8]
[4, 6, 9, 7]
[12, 13, 2, 14, 11, 1]
84 (((3,4),1),(2,5))
[12]
[13, 9]
[11, 10]
[14, 6, 3, 15]
[1, 2, 8, 5, 4, 7]
85 (((2,3),4),(1,5))
[11]
[14, 6]
[12, 10]
[13, 9, 3, 15]
[2, 1, 5, 8, 7, 4]
86 (((2,4),3),(1,5))
[10]
[15, 3]
[12, 11]
[13, 9, 6, 14]
[5, 4, 2, 7, 8, 1]
87 (((3,4),2),(1,5))
[3]
[1, 2]
[10, 15]
[11, 12, 5, 8]
[4, 6, 7, 9, 13, 14]
88 (((1,2),5),(3,4))
[10]
[11, 12]
[3, 15]
[1, 2, 5, 8]
[6, 4, 9, 7, 14, 13]
89 (((1,5),2),(3,4))
[15]
[8, 5]
[3, 10]
[1, 2, 12, 11]
[9, 13, 6, 14, 7, 4]
90 (((2,5),1),(3,4))
[6]
[4, 5]
[11, 14]
[10, 12, 2, 7]
[1, 3, 8, 9, 13, 15]
91 (((1,3),5),(2,4))
[11]
[10, 12]
[6, 14]
[4, 5, 2, 7]
[3, 1, 9, 8, 15, 13]
92 (((1,5),3),(2,4))
[14]
[7, 2]
[6, 11]
[4, 5, 12, 10]
[9, 13, 3, 15, 8, 1]
93 (((3,5),1),(2,4))
[9]
[13, 12]
[8, 7]
[15, 5, 2, 14]
[1, 3, 11, 6, 4, 10]
94 (((2,3),5),(1,4))
[8]
[15, 5]
[9, 7]
[13, 12, 2, 14]
[3, 1, 6, 11, 10, 4]
95 (((2,5),3),(1,4))
[7]
[14, 2]
[9, 8]
[13, 12, 5, 15]
[6, 4, 3, 10, 11, 1]
96 (((3,5),2),(1,4))
[9]
[7, 8]
[12, 13]
[10, 11, 1, 4]
[2, 3, 5, 6, 14, 15]
97 (((1,4),5),(2,3))
[12]
[10, 11]
[9, 13]
[7, 8, 1, 4]
[3, 2, 6, 5, 15, 14]
98 (((1,5),4),(2,3))
[13]
[4, 1]
[9, 12]
[7, 8, 11, 10]
[6, 14, 3, 15, 5, 2]
99 (((4,5),1),(2,3))
[6]
[14, 11]
[5, 4]
[15, 8, 1, 13]
[2, 3, 12, 9, 7, 10]
100 (((2,4),5),(1,3))
[5]
[15, 8]
[6, 4]
[14, 11, 1, 13]
[3, 2, 9, 12, 10, 7]
101 (((2,5),4),(1,3))
[4]
[13, 1]
[6, 5]
[14, 11, 8, 15]
[9, 7, 3, 10, 12, 2]
102 (((4,5),2),(1,3))
[3]
[15, 10]
[2, 1]
[14, 7, 4, 13]
[5, 6, 12, 9, 8, 11]
103 (((3,4),5),(1,2))
[2]
[14, 7]
[3, 1]
[15, 10, 4, 13]
[6, 5, 9, 12, 11, 8]
104 (((3,5),4),(1,2))
[1]
[13, 4]
[3, 2]
[15, 10, 7, 14]
[9, 8, 6, 11, 12, 5]
105 (((4,5),3),(1,2))
best rooted tree ((((1,2),3),4),5)
true species tree: (1,((2,3),(4,5)))
[1]
[2]
[3]
[4, 13]
[5, 12]
[6, 9]
[7, 8, 10, 11, 14, 15]
((((1,2),3),4),5) 0.0 6 c
[1]
[3]
[2]
[4, 13]
[6, 9]
[5, 12]
[10, 11, 7, 8, 15, 14]
((((1,2),3),5),4) 0.0 6 c
[2]
[1]
[3]
[7, 14]
[8, 11]
[9, 6]
[4, 5, 10, 12, 13, 15]
((((1,2),4),3),5) 0.0 6 c
[2]
[3]
[1]
[7, 14]
[9, 6]
[8, 11]
[10, 12, 4, 5, 15, 13]
((((1,2),4),5),3) 0.0 6 c
[3]
[1]
[2]
[10, 15]
[11, 8]
[12, 5]
[4, 6, 7, 9, 13, 14]
((((1,2),5),3),4) 0.0 6 c
[3]
[2]
[1]
[10, 15]
[12, 5]
[11, 8]
[7, 9, 4, 6, 14, 13]
((((1,2),5),4),3) 0.0 6 c
[4]
[5]
[6]
[1, 13]
[2, 12]
[3, 9]
[8, 7, 11, 10, 15, 14]
((((1,3),2),4),5) 0.0 6 c
c
0
0
0
6

2.9746689796447754
percentage of selected tree types
c 100.0 b 0.0 p 0.0
Percentage of tests where the true species tree is among the top 5 (of 105) rooted candidates:
0.0
Percentage of tests where the infered tree had the correct topology:
0.0
Percentage of tests where the inferred tree was the true rooted species tree :
0.0
Average RF distance (rooted, not normalized, i.e. fp+fn)
6.0
